NAME: r25_5_4.txt
CUSTOMERS: 25
LOCKERS: 5
RADIUS: 15
CUSTOMER_ST: 5
LOCKER_ST: 10
CUSTOMER_SECTION
1 2.57 1.72 480.0 540.0 1.0
2 9.56 1.86 540.0 600.0 1.0
3 6.52 8.59 60.0 120.0 1.0
4 0.84 8.26 660.0 720.0 1.0
5 5.74 2.25 420.0 480.0 1.0
6 1.62 1.35 480.0 540.0 1.0
7 2.02 2.68 660.0 720.0 1.0
8 5.83 2.51 120.0 180.0 1.0
9 1.56 7.85 420.0 480.0 1.0
10 6.61 1.33 480.0 540.0 1.0
11 2.23 4.36 300.0 360.0 1.0
12 1.07 4.26 240.0 300.0 1.0
13 6.28 5.09 660.0 720.0 1.0
14 9.3 7.26 660.0 720.0 1.0
15 3.83 6.48 240.0 300.0 1.0
16 6.54 3.57 540.0 600.0 1.0
17 1.59 8.85 60.0 120.0 1.0
18 2.32 1.94 660.0 720.0 1.0
19 5.27 8.52 540.0 600.0 1.0
20 3.04 9.1 420.0 480.0 1.0
21 1.01 9.27 60.0 120.0 1.0
22 8.16 6.81 480.0 540.0 1.0
23 6.61 8.34 180.0 240.0 1.0
24 3.55 1.01 300.0 360.0 1.0
25 3.45 3.68 120.0 180.0 1.0
LOCKER_SECTION
0 5.0 0.0 0.0 720.0 0.0
1 2.5 2.5 0.0 720.0 5.0
2 2.5 7.5 0.0 720.0 5.0
3 7.5 7.5 0.0 720.0 5.0
4 7.5 2.5 0.0 720.0 5.0
5 5.0 5.0 0.0 720.0 10.0
