NAME: r25_5_8.txt
CUSTOMERS: 25
LOCKERS: 5
RADIUS: 15
CUSTOMER_ST: 5
LOCKER_ST: 10
CUSTOMER_SECTION
1 1.59 0.26 540.0 600.0 1.0
2 1.87 7.09 360.0 420.0 1.0
3 0.85 7.28 180.0 240.0 1.0
4 6.93 7.68 0.0 60.0 1.0
5 9.69 8.0 480.0 540.0 1.0
6 5.32 3.65 0.0 60.0 1.0
7 1.53 7.15 600.0 660.0 1.0
8 5.49 6.89 0.0 60.0 1.0
9 6.58 6.08 300.0 360.0 1.0
10 6.51 7.84 0.0 60.0 1.0
11 8.41 9.82 180.0 240.0 1.0
12 0.28 9.43 600.0 660.0 1.0
13 3.84 5.52 420.0 480.0 1.0
14 2.68 9.55 300.0 360.0 1.0
15 5.12 9.8 60.0 120.0 1.0
16 9.79 5.55 480.0 540.0 1.0
17 6.62 2.97 120.0 180.0 1.0
18 0.12 2.75 660.0 720.0 1.0
19 1.5 3.69 420.0 480.0 1.0
20 8.08 9.33 360.0 420.0 1.0
21 1.22 0.39 300.0 360.0 1.0
22 7.89 3.73 360.0 420.0 1.0
23 7.15 3.29 600.0 660.0 1.0
24 9.53 9.63 660.0 720.0 1.0
25 0.86 2.39 360.0 420.0 1.0
LOCKER_SECTION
0 5.0 0.0 0.0 720.0 0.0
1 2.5 2.5 0.0 720.0 5.0
2 2.5 7.5 0.0 720.0 5.0
3 7.5 7.5 0.0 720.0 5.0
4 7.5 2.5 0.0 720.0 5.0
5 5.0 5.0 0.0 720.0 10.0
