NAME: r25_5_7.txt
CUSTOMERS: 25
LOCKERS: 5
RADIUS: 15
CUSTOMER_ST: 5
LOCKER_ST: 10
CUSTOMER_SECTION
1 4.87 7.25 60.0 120.0 1.0
2 7.38 8.71 0.0 60.0 1.0
3 4.43 2.75 660.0 720.0 1.0
4 1.39 3.09 120.0 180.0 1.0
5 6.62 4.91 300.0 360.0 1.0
6 4.0 2.95 60.0 120.0 1.0
7 9.83 4.62 420.0 480.0 1.0
8 6.2 0.45 660.0 720.0 1.0
9 6.44 9.12 240.0 300.0 1.0
10 6.29 1.76 660.0 720.0 1.0
11 3.27 9.15 480.0 540.0 1.0
12 2.59 6.14 600.0 660.0 1.0
13 5.83 2.33 120.0 180.0 1.0
14 7.83 0.03 660.0 720.0 1.0
15 1.87 2.21 0.0 60.0 1.0
16 4.11 9.84 360.0 420.0 1.0
17 0.71 3.86 0.0 60.0 1.0
18 7.08 4.47 60.0 120.0 1.0
19 7.64 6.78 660.0 720.0 1.0
20 4.03 6.87 120.0 180.0 1.0
21 4.23 7.14 420.0 480.0 1.0
22 7.77 8.89 660.0 720.0 1.0
23 2.6 7.12 0.0 60.0 1.0
24 4.94 9.31 300.0 360.0 1.0
25 0.75 8.65 600.0 660.0 1.0
LOCKER_SECTION
0 5.0 0.0 0.0 720.0 0.0
1 2.5 2.5 0.0 720.0 5.0
2 2.5 7.5 0.0 720.0 5.0
3 7.5 7.5 0.0 720.0 5.0
4 7.5 2.5 0.0 720.0 5.0
5 5.0 5.0 0.0 720.0 10.0
