NAME: r25_5_10.txt
CUSTOMERS: 25
LOCKERS: 5
RADIUS: 15
CUSTOMER_ST: 5
LOCKER_ST: 10
CUSTOMER_SECTION
1 7.73 4.9 480.0 540.0 1.0
2 9.76 1.15 180.0 240.0 1.0
3 2.48 7.46 660.0 720.0 1.0
4 5.72 5.32 360.0 420.0 1.0
5 4.61 8.17 360.0 420.0 1.0
6 1.58 3.13 420.0 480.0 1.0
7 1.37 2.04 300.0 360.0 1.0
8 6.52 8.24 180.0 240.0 1.0
9 8.18 4.93 120.0 180.0 1.0
10 7.24 7.06 0.0 60.0 1.0
11 5.25 0.84 180.0 240.0 1.0
12 4.74 7.89 60.0 120.0 1.0
13 8.23 5.8 120.0 180.0 1.0
14 1.79 7.41 240.0 300.0 1.0
15 3.92 7.03 120.0 180.0 1.0
16 2.26 5.09 180.0 240.0 1.0
17 3.9 4.48 120.0 180.0 1.0
18 2.83 6.89 480.0 540.0 1.0
19 9.52 9.4 60.0 120.0 1.0
20 5.36 0.57 180.0 240.0 1.0
21 6.28 6.08 60.0 120.0 1.0
22 5.7 3.35 300.0 360.0 1.0
23 6.46 8.64 300.0 360.0 1.0
24 8.65 4.98 0.0 60.0 1.0
25 0.88 4.4 240.0 300.0 1.0
LOCKER_SECTION
0 5.0 0.0 0.0 720.0 0.0
1 2.5 2.5 0.0 720.0 5.0
2 2.5 7.5 0.0 720.0 5.0
3 7.5 7.5 0.0 720.0 5.0
4 7.5 2.5 0.0 720.0 5.0
5 5.0 5.0 0.0 720.0 10.0
