NAME: r25_5_9.txt
CUSTOMERS: 25
LOCKERS: 5
RADIUS: 15
CUSTOMER_ST: 5
LOCKER_ST: 10
CUSTOMER_SECTION
1 4.51 5.71 300.0 360.0 1.0
2 9.22 4.69 240.0 300.0 1.0
3 3.45 6.81 240.0 300.0 1.0
4 8.44 4.66 660.0 720.0 1.0
5 8.52 6.74 300.0 360.0 1.0
6 5.15 1.44 540.0 600.0 1.0
7 8.36 0.42 480.0 540.0 1.0
8 1.63 3.12 0.0 60.0 1.0
9 8.55 2.23 240.0 300.0 1.0
10 5.98 5.2 420.0 480.0 1.0
11 6.05 9.58 120.0 180.0 1.0
12 2.48 3.47 0.0 60.0 1.0
13 7.48 0.28 660.0 720.0 1.0
14 0.57 5.41 480.0 540.0 1.0
15 7.61 6.03 600.0 660.0 1.0
16 2.87 7.08 540.0 600.0 1.0
17 2.27 6.9 300.0 360.0 1.0
18 0.87 9.58 600.0 660.0 1.0
19 7.66 8.87 120.0 180.0 1.0
20 2.42 6.68 360.0 420.0 1.0
21 5.59 7.42 240.0 300.0 1.0
22 5.64 9.99 480.0 540.0 1.0
23 2.95 8.48 540.0 600.0 1.0
24 6.11 5.24 660.0 720.0 1.0
25 2.73 3.28 60.0 120.0 1.0
LOCKER_SECTION
0 5.0 0.0 0.0 720.0 0.0
1 2.5 2.5 0.0 720.0 5.0
2 2.5 7.5 0.0 720.0 5.0
3 7.5 7.5 0.0 720.0 5.0
4 7.5 2.5 0.0 720.0 5.0
5 5.0 5.0 0.0 720.0 10.0
