NAME: r25_5_1.txt
CUSTOMERS: 25
LOCKERS: 5
RADIUS: 15
CUSTOMER_ST: 5
LOCKER_ST: 10
CUSTOMER_SECTION
1 2.72 3.64 120.0 180.0 1
2 2.99 1.09 60.0 120.0 1
3 2.55 7.17 120.0 180.0 1
4 6.29 4.19 240.0 300.0 1
5 4.33 6.21 0.0 60.0 1
6 5.88 5.45 660.0 720.0 1
7 0.5 2.22 60.0 120.0 1
8 1.72 4.3 600.0 660.0 1
9 3.49 6.56 480.0 540.0 1
10 4.87 9.21 420.0 480.0 1
11 8.7 8.88 120.0 180.0 1
12 9.72 6.39 480.0 540.0 1
13 4.1 5.11 60.0 120.0 1
14 2.25 5.42 120.0 180.0 1
15 7.8 7.9 600.0 660.0 1
16 2.52 7.85 660.0 720.0 1
17 3.73 7.17 60.0 120.0 1
18 4.08 1.04 180.0 240.0 1
19 7.01 8.64 480.0 540.0 1
20 5.74 3.22 600.0 660.0 1
21 9.34 9.84 300.0 360.0 1
22 8.65 7.79 180.0 240.0 1
23 2.36 7.65 0.0 60.0 1
24 9.54 2.05 360.0 420.0 1
25 9.98 3.14 660.0 720.0 1
LOCKER_SECTION
0 5.0 0.0 0.0 720.0 0
1 2.5 2.5 0.0 720.0 5
2 2.5 7.5 0.0 720.0 5
3 7.5 7.5 0.0 720.0 5
4 7.5 2.5 0.0 720.0 5
5 5.0 5.0 0.0 720.0 10
