NAME: r25_5_6.txt
CUSTOMERS: 25
LOCKERS: 5
RADIUS: 15
CUSTOMER_ST: 5
LOCKER_ST: 10
CUSTOMER_SECTION
1 0.6 9.08 120.0 180.0 1.0
2 6.0 9.08 180.0 240.0 1.0
3 7.86 3.42 180.0 240.0 1.0
4 7.2 7.55 420.0 480.0 1.0
5 5.53 9.44 540.0 600.0 1.0
6 9.23 2.43 240.0 300.0 1.0
7 4.77 2.31 180.0 240.0 1.0
8 8.35 0.18 300.0 360.0 1.0
9 5.64 7.02 420.0 480.0 1.0
10 9.88 4.02 300.0 360.0 1.0
11 7.11 0.61 300.0 360.0 1.0
12 0.62 2.88 0.0 60.0 1.0
13 2.96 5.5 0.0 60.0 1.0
14 5.06 1.01 120.0 180.0 1.0
15 5.39 7.89 120.0 180.0 1.0
16 7.97 4.49 600.0 660.0 1.0
17 3.64 3.07 180.0 240.0 1.0
18 9.27 9.44 120.0 180.0 1.0
19 4.14 9.04 660.0 720.0 1.0
20 6.34 1.79 360.0 420.0 1.0
21 5.91 8.54 180.0 240.0 1.0
22 6.23 1.75 480.0 540.0 1.0
23 0.6 5.61 120.0 180.0 1.0
24 4.67 3.79 120.0 180.0 1.0
25 0.46 1.59 420.0 480.0 1.0
LOCKER_SECTION
0 5.0 0.0 0.0 720.0 0.0
1 2.5 2.5 0.0 720.0 5.0
2 2.5 7.5 0.0 720.0 5.0
3 7.5 7.5 0.0 720.0 5.0
4 7.5 2.5 0.0 720.0 5.0
5 5.0 5.0 0.0 720.0 10.0
