NAME: r25_5_2.txt
CUSTOMERS: 25
LOCKERS: 5
RADIUS: 15
CUSTOMER_ST: 5
LOCKER_ST: 10
CUSTOMER_SECTION
1 8.11 8.62 240.0 300.0 1.0
2 4.13 3.58 300.0 360.0 1.0
3 4.14 5.62 660.0 720.0 1.0
4 9.9 2.36 420.0 480.0 1.0
5 3.65 4.57 60.0 120.0 1.0
6 6.9 2.41 180.0 240.0 1.0
7 2.16 2.6 540.0 600.0 1.0
8 2.13 2.45 120.0 180.0 1.0
9 1.43 5.8 60.0 120.0 1.0
10 9.0 7.17 420.0 480.0 1.0
11 8.17 1.14 360.0 420.0 1.0
12 2.11 8.9 180.0 240.0 1.0
13 0.6 8.85 360.0 420.0 1.0
14 1.54 0.26 120.0 180.0 1.0
15 0.02 6.7 180.0 240.0 1.0
16 5.46 8.78 660.0 720.0 1.0
17 6.92 2.63 420.0 480.0 1.0
18 0.33 5.73 660.0 720.0 1.0
19 4.15 8.92 0.0 60.0 1.0
20 9.97 1.99 540.0 600.0 1.0
21 1.83 1.64 120.0 180.0 1.0
22 7.46 0.53 300.0 360.0 1.0
23 0.71 8.1 240.0 300.0 1.0
24 1.03 1.9 540.0 600.0 1.0
25 1.59 5.32 300.0 360.0 1.0
LOCKER_SECTION
0 5.0 0.0 0.0 720.0 0.0
1 2.5 2.5 0.0 720.0 5.0
2 2.5 7.5 0.0 720.0 5.0
3 7.5 7.5 0.0 720.0 5.0
4 7.5 2.5 0.0 720.0 5.0
5 5.0 5.0 0.0 720.0 10.0
