NAME: r25_5_5.txt
CUSTOMERS: 25
LOCKERS: 5
RADIUS: 15
CUSTOMER_ST: 5
LOCKER_ST: 10
CUSTOMER_SECTION
1 5.59 7.35 420.0 480.0 1.0
2 6.82 1.0 0.0 60.0 1.0
3 6.45 7.12 600.0 660.0 1.0
4 0.32 2.73 660.0 720.0 1.0
5 9.69 4.96 360.0 420.0 1.0
6 5.0 0.48 120.0 180.0 1.0
7 2.88 0.68 240.0 300.0 1.0
8 6.37 1.91 660.0 720.0 1.0
9 7.86 4.03 300.0 360.0 1.0
10 0.29 9.15 0.0 60.0 1.0
11 2.43 3.39 540.0 600.0 1.0
12 0.5 5.28 480.0 540.0 1.0
13 8.51 6.87 660.0 720.0 1.0
14 1.33 5.83 660.0 720.0 1.0
15 0.44 4.94 360.0 420.0 1.0
16 6.57 5.3 300.0 360.0 1.0
17 6.25 4.27 240.0 300.0 1.0
18 5.85 1.14 540.0 600.0 1.0
19 6.8 9.9 420.0 480.0 1.0
20 9.76 9.75 60.0 120.0 1.0
21 6.81 9.25 60.0 120.0 1.0
22 2.43 3.31 360.0 420.0 1.0
23 1.08 2.41 240.0 300.0 1.0
24 5.92 9.87 120.0 180.0 1.0
25 2.23 2.96 300.0 360.0 1.0
LOCKER_SECTION
0 5.0 0.0 0.0 720.0 0.0
1 2.5 2.5 0.0 720.0 5.0
2 2.5 7.5 0.0 720.0 5.0
3 7.5 7.5 0.0 720.0 5.0
4 7.5 2.5 0.0 720.0 5.0
5 5.0 5.0 0.0 720.0 10.0
