NAME: r25_5_3.txt
CUSTOMERS: 25
LOCKERS: 5
RADIUS: 15
CUSTOMER_ST: 5
LOCKER_ST: 10
CUSTOMER_SECTION
1 9.48 8.89 180.0 240.0 1.0
2 6.05 4.23 540.0 600.0 1.0
3 6.12 6.07 300.0 360.0 1.0
4 6.48 7.8 300.0 360.0 1.0
5 3.82 0.74 120.0 180.0 1.0
6 6.85 8.0 120.0 180.0 1.0
7 4.23 2.33 540.0 600.0 1.0
8 5.6 8.93 660.0 720.0 1.0
9 3.86 8.93 300.0 360.0 1.0
10 4.68 7.66 300.0 360.0 1.0
11 5.51 3.84 300.0 360.0 1.0
12 3.42 6.74 0.0 60.0 1.0
13 3.81 7.75 360.0 420.0 1.0
14 3.29 5.6 180.0 240.0 1.0
15 9.15 6.77 540.0 600.0 1.0
16 3.72 7.56 180.0 240.0 1.0
17 1.97 2.53 360.0 420.0 1.0
18 7.86 0.96 60.0 120.0 1.0
19 5.12 7.0 120.0 180.0 1.0
20 6.48 7.83 240.0 300.0 1.0
21 9.06 9.03 300.0 360.0 1.0
22 0.66 5.18 240.0 300.0 1.0
23 8.61 3.65 360.0 420.0 1.0
24 1.06 4.69 300.0 360.0 1.0
25 8.8 7.59 240.0 300.0 1.0
LOCKER_SECTION
0 5.0 0.0 0.0 720.0 0.0
1 2.5 2.5 0.0 720.0 5.0
2 2.5 7.5 0.0 720.0 5.0
3 7.5 7.5 0.0 720.0 5.0
4 7.5 2.5 0.0 720.0 5.0
5 5.0 5.0 0.0 720.0 10.0
