NAME: r50_5_10.txt
CUSTOMERS: 50
LOCKERS: 5
RADIUS: 15
CUSTOMER_ST: 5
LOCKER_ST: 10
CUSTOMER_SECTION
1 1.92 8.74 480.0 540.0 1.0
2 2.2 7.85 360.0 420.0 1.0
3 6.1 6.81 60.0 120.0 1.0
4 7.47 3.17 480.0 540.0 1.0
5 6.74 10.0 300.0 360.0 1.0
6 9.11 9.83 480.0 540.0 1.0
7 0.87 3.99 300.0 360.0 1.0
8 2.07 9.42 240.0 300.0 1.0
9 6.09 5.47 300.0 360.0 1.0
10 0.52 6.64 480.0 540.0 1.0
11 4.42 5.53 240.0 300.0 1.0
12 9.5 1.78 180.0 240.0 1.0
13 6.69 7.36 540.0 600.0 1.0
14 2.29 3.38 360.0 420.0 1.0
15 1.64 9.94 360.0 420.0 1.0
16 3.57 2.83 660.0 720.0 1.0
17 9.74 9.15 240.0 300.0 1.0
18 8.22 0.91 540.0 600.0 1.0
19 0.3 9.13 120.0 180.0 1.0
20 1.48 3.02 600.0 660.0 1.0
21 2.07 1.71 300.0 360.0 1.0
22 8.7 8.76 480.0 540.0 1.0
23 6.06 8.91 300.0 360.0 1.0
24 1.91 1.01 240.0 300.0 1.0
25 2.73 7.88 240.0 300.0 1.0
26 7.84 3.49 240.0 300.0 1.0
27 7.92 5.87 600.0 660.0 1.0
28 7.06 1.79 120.0 180.0 1.0
29 5.95 6.01 180.0 240.0 1.0
30 9.7 2.9 240.0 300.0 1.0
31 0.75 7.35 660.0 720.0 1.0
32 7.8 8.37 300.0 360.0 1.0
33 9.55 6.12 300.0 360.0 1.0
34 3.01 6.02 360.0 420.0 1.0
35 2.62 2.75 480.0 540.0 1.0
36 1.29 4.33 360.0 420.0 1.0
37 9.65 1.57 600.0 660.0 1.0
38 5.89 9.46 480.0 540.0 1.0
39 5.85 3.61 300.0 360.0 1.0
40 4.31 1.84 300.0 360.0 1.0
41 8.39 0.23 540.0 600.0 1.0
42 1.98 8.48 660.0 720.0 1.0
43 4.08 5.61 420.0 480.0 1.0
44 4.19 7.44 360.0 420.0 1.0
45 5.22 5.02 600.0 660.0 1.0
46 6.79 6.6 480.0 540.0 1.0
47 4.7 6.89 60.0 120.0 1.0
48 7.34 3.67 600.0 660.0 1.0
49 2.39 5.31 600.0 660.0 1.0
50 8.94 7.39 0.0 60.0 1.0
LOCKER_SECTION
0 5.0 0.0 0.0 720.0 0.0
1 2.5 2.5 0.0 720.0 10.0
2 2.5 7.5 0.0 720.0 10.0
3 7.5 7.5 0.0 720.0 15.0
4 7.5 2.5 0.0 720.0 10.0
5 5.0 5.0 0.0 720.0 10.0
