NAME: r50_5_5.txt
CUSTOMERS: 50
LOCKERS: 5
RADIUS: 15
CUSTOMER_ST: 5
LOCKER_ST: 10
CUSTOMER_SECTION
1 2.11 4.96 60.0 120.0 1.0
2 6.89 7.31 60.0 120.0 1.0
3 8.11 6.65 240.0 300.0 1.0
4 6.52 5.18 120.0 180.0 1.0
5 1.72 7.71 300.0 360.0 1.0
6 1.07 4.24 480.0 540.0 1.0
7 9.86 9.89 0.0 60.0 1.0
8 3.46 4.74 120.0 180.0 1.0
9 5.54 6.25 300.0 360.0 1.0
10 6.64 3.06 600.0 660.0 1.0
11 2.4 2.54 180.0 240.0 1.0
12 8.49 1.13 660.0 720.0 1.0
13 0.57 0.55 480.0 540.0 1.0
14 6.84 0.24 660.0 720.0 1.0
15 8.2 7.23 0.0 60.0 1.0
16 3.43 6.22 660.0 720.0 1.0
17 8.53 2.06 600.0 660.0 1.0
18 1.16 5.67 120.0 180.0 1.0
19 4.53 9.88 540.0 600.0 1.0
20 7.83 6.37 240.0 300.0 1.0
21 8.0 4.69 420.0 480.0 1.0
22 9.44 2.64 360.0 420.0 1.0
23 1.35 2.13 360.0 420.0 1.0
24 1.26 0.04 120.0 180.0 1.0
25 7.93 0.99 360.0 420.0 1.0
26 4.28 2.32 360.0 420.0 1.0
27 6.82 0.68 300.0 360.0 1.0
28 1.76 4.0 0.0 60.0 1.0
29 9.08 5.86 480.0 540.0 1.0
30 7.37 1.93 300.0 360.0 1.0
31 7.0 4.18 360.0 420.0 1.0
32 4.44 1.68 480.0 540.0 1.0
33 2.32 5.1 60.0 120.0 1.0
34 3.06 3.32 180.0 240.0 1.0
35 3.0 4.65 420.0 480.0 1.0
36 7.86 9.42 300.0 360.0 1.0
37 2.73 1.28 120.0 180.0 1.0
38 3.98 4.51 660.0 720.0 1.0
39 1.54 2.01 420.0 480.0 1.0
40 3.57 5.04 360.0 420.0 1.0
41 6.87 6.96 480.0 540.0 1.0
42 5.51 5.01 240.0 300.0 1.0
43 2.31 3.35 420.0 480.0 1.0
44 2.0 9.46 540.0 600.0 1.0
45 2.8 5.96 300.0 360.0 1.0
46 5.02 1.05 420.0 480.0 1.0
47 9.65 2.3 300.0 360.0 1.0
48 4.24 5.91 0.0 60.0 1.0
49 1.54 3.65 240.0 300.0 1.0
50 3.6 3.0 600.0 660.0 1.0
LOCKER_SECTION
0 5.0 0.0 0.0 720.0 0.0
1 2.5 2.5 0.0 720.0 10.0
2 2.5 7.5 0.0 720.0 10.0
3 7.5 7.5 0.0 720.0 15.0
4 7.5 2.5 0.0 720.0 10.0
5 5.0 5.0 0.0 720.0 10.0
