NAME: r50_5_7.txt
CUSTOMERS: 50
LOCKERS: 5
RADIUS: 15
CUSTOMER_ST: 5
LOCKER_ST: 10
CUSTOMER_SECTION
1 1.56 1.48 300.0 360.0 1.0
2 7.52 5.2 240.0 300.0 1.0
3 1.09 6.5 360.0 420.0 1.0
4 7.52 3.82 480.0 540.0 1.0
5 8.75 3.17 480.0 540.0 1.0
6 9.93 5.2 0.0 60.0 1.0
7 6.34 4.28 0.0 60.0 1.0
8 1.38 6.46 180.0 240.0 1.0
9 3.13 2.11 660.0 720.0 1.0
10 5.43 0.41 0.0 60.0 1.0
11 0.24 1.38 300.0 360.0 1.0
12 9.31 1.57 120.0 180.0 1.0
13 0.84 2.08 600.0 660.0 1.0
14 4.07 9.57 240.0 300.0 1.0
15 3.62 9.22 420.0 480.0 1.0
16 7.41 5.72 180.0 240.0 1.0
17 3.66 8.96 360.0 420.0 1.0
18 2.57 5.2 240.0 300.0 1.0
19 9.79 7.42 180.0 240.0 1.0
20 0.17 9.84 600.0 660.0 1.0
21 7.47 1.33 540.0 600.0 1.0
22 8.46 3.41 180.0 240.0 1.0
23 9.02 7.6 420.0 480.0 1.0
24 2.85 6.63 420.0 480.0 1.0
25 3.4 6.68 660.0 720.0 1.0
26 0.71 8.79 0.0 60.0 1.0
27 3.99 5.32 0.0 60.0 1.0
28 6.02 8.12 600.0 660.0 1.0
29 3.14 2.44 660.0 720.0 1.0
30 3.69 4.0 660.0 720.0 1.0
31 3.61 6.45 360.0 420.0 1.0
32 4.19 0.32 0.0 60.0 1.0
33 6.25 2.36 240.0 300.0 1.0
34 0.29 9.19 120.0 180.0 1.0
35 6.67 3.21 660.0 720.0 1.0
36 6.56 1.25 180.0 240.0 1.0
37 4.0 8.56 60.0 120.0 1.0
38 7.76 8.33 60.0 120.0 1.0
39 4.07 5.47 120.0 180.0 1.0
40 4.64 9.55 300.0 360.0 1.0
41 5.1 0.88 0.0 60.0 1.0
42 0.54 3.24 600.0 660.0 1.0
43 7.93 2.14 420.0 480.0 1.0
44 8.82 9.29 60.0 120.0 1.0
45 4.18 9.28 300.0 360.0 1.0
46 7.34 9.66 420.0 480.0 1.0
47 7.49 6.37 180.0 240.0 1.0
48 6.96 1.06 240.0 300.0 1.0
49 7.47 7.02 120.0 180.0 1.0
50 9.3 2.46 360.0 420.0 1.0
LOCKER_SECTION
0 5.0 0.0 0.0 720.0 0.0
1 2.5 2.5 0.0 720.0 10.0
2 2.5 7.5 0.0 720.0 10.0
3 7.5 7.5 0.0 720.0 15.0
4 7.5 2.5 0.0 720.0 10.0
5 5.0 5.0 0.0 720.0 10.0
