NAME: r50_5_3.txt
CUSTOMERS: 50
LOCKERS: 5
RADIUS: 15
CUSTOMER_ST: 5
LOCKER_ST: 10
CUSTOMER_SECTION
1 9.82 8.09 180.0 240.0 1.0
2 5.44 4.54 60.0 120.0 1.0
3 3.72 8.49 240.0 300.0 1.0
4 5.87 9.35 480.0 540.0 1.0
5 6.57 7.93 540.0 600.0 1.0
6 3.26 7.33 180.0 240.0 1.0
7 7.56 3.43 180.0 240.0 1.0
8 4.98 8.7 180.0 240.0 1.0
9 2.91 3.23 300.0 360.0 1.0
10 2.04 5.41 0.0 60.0 1.0
11 8.23 3.41 60.0 120.0 1.0
12 4.08 1.01 240.0 300.0 1.0
13 0.68 5.53 240.0 300.0 1.0
14 0.76 5.27 60.0 120.0 1.0
15 0.54 9.72 120.0 180.0 1.0
16 7.35 0.0 120.0 180.0 1.0
17 7.46 7.39 540.0 600.0 1.0
18 0.53 2.54 540.0 600.0 1.0
19 5.72 9.82 0.0 60.0 1.0
20 5.46 1.21 420.0 480.0 1.0
21 5.12 9.38 660.0 720.0 1.0
22 0.09 0.09 240.0 300.0 1.0
23 1.39 6.15 60.0 120.0 1.0
24 4.23 6.29 0.0 60.0 1.0
25 2.64 5.81 600.0 660.0 1.0
26 5.82 2.88 240.0 300.0 1.0
27 4.1 5.87 360.0 420.0 1.0
28 8.59 7.28 540.0 600.0 1.0
29 7.64 8.85 60.0 120.0 1.0
30 5.83 8.35 300.0 360.0 1.0
31 4.99 5.88 0.0 60.0 1.0
32 7.2 2.75 180.0 240.0 1.0
33 8.82 8.41 420.0 480.0 1.0
34 2.7 4.32 0.0 60.0 1.0
35 5.48 4.8 480.0 540.0 1.0
36 1.69 7.26 540.0 600.0 1.0
37 9.08 2.44 240.0 300.0 1.0
38 9.79 5.77 120.0 180.0 1.0
39 1.11 5.95 420.0 480.0 1.0
40 5.84 3.87 360.0 420.0 1.0
41 9.5 0.98 660.0 720.0 1.0
42 5.14 1.97 420.0 480.0 1.0
43 4.26 7.65 60.0 120.0 1.0
44 5.16 4.9 180.0 240.0 1.0
45 6.04 8.25 660.0 720.0 1.0
46 0.91 9.54 600.0 660.0 1.0
47 9.88 4.94 600.0 660.0 1.0
48 2.14 4.01 240.0 300.0 1.0
49 7.39 8.93 120.0 180.0 1.0
50 4.36 1.21 600.0 660.0 1.0
LOCKER_SECTION
0 5.0 0.0 0.0 720.0 0.0
1 2.5 2.5 0.0 720.0 10.0
2 2.5 7.5 0.0 720.0 10.0
3 7.5 7.5 0.0 720.0 15.0
4 7.5 2.5 0.0 720.0 10.0
5 5.0 5.0 0.0 720.0 10.0
