NAME: r50_5_2.txt
CUSTOMERS: 50
LOCKERS: 5
RADIUS: 15
CUSTOMER_ST: 5
LOCKER_ST: 10
CUSTOMER_SECTION
1 7.12 4.27 240.0 300.0 1.0
2 9.23 2.18 420.0 480.0 1.0
3 1.59 8.86 480.0 540.0 1.0
4 5.19 5.71 540.0 600.0 1.0
5 2.18 2.4 180.0 240.0 1.0
6 1.61 7.01 420.0 480.0 1.0
7 4.77 0.51 120.0 180.0 1.0
8 2.09 3.26 60.0 120.0 1.0
9 0.4 8.99 60.0 120.0 1.0
10 9.52 9.2 180.0 240.0 1.0
11 4.34 9.83 60.0 120.0 1.0
12 5.7 3.87 660.0 720.0 1.0
13 4.67 8.63 360.0 420.0 1.0
14 1.58 2.95 660.0 720.0 1.0
15 3.93 8.52 660.0 720.0 1.0
16 4.32 6.21 60.0 120.0 1.0
17 8.85 1.46 0.0 60.0 1.0
18 6.44 2.94 0.0 60.0 1.0
19 9.23 8.53 540.0 600.0 1.0
20 7.64 0.01 600.0 660.0 1.0
21 5.63 0.45 300.0 360.0 1.0
22 1.31 7.22 120.0 180.0 1.0
23 0.41 6.0 600.0 660.0 1.0
24 6.26 3.73 360.0 420.0 1.0
25 8.01 2.67 180.0 240.0 1.0
26 3.57 3.2 660.0 720.0 1.0
27 0.03 0.76 600.0 660.0 1.0
28 9.26 6.27 360.0 420.0 1.0
29 7.27 7.54 300.0 360.0 1.0
30 0.92 4.87 420.0 480.0 1.0
31 1.9 4.4 60.0 120.0 1.0
32 0.33 4.43 240.0 300.0 1.0
33 6.74 3.97 240.0 300.0 1.0
34 7.45 7.47 240.0 300.0 1.0
35 6.85 1.65 660.0 720.0 1.0
36 6.24 4.8 600.0 660.0 1.0
37 6.35 3.76 180.0 240.0 1.0
38 1.25 9.8 240.0 300.0 1.0
39 5.55 2.15 600.0 660.0 1.0
40 1.0 8.04 0.0 60.0 1.0
41 0.63 0.73 360.0 420.0 1.0
42 3.58 3.18 480.0 540.0 1.0
43 9.22 3.06 120.0 180.0 1.0
44 1.21 6.38 60.0 120.0 1.0
45 6.61 5.96 120.0 180.0 1.0
46 4.12 3.46 60.0 120.0 1.0
47 8.74 6.66 180.0 240.0 1.0
48 5.5 9.39 300.0 360.0 1.0
49 6.36 0.22 300.0 360.0 1.0
50 1.37 0.5 240.0 300.0 1.0
LOCKER_SECTION
0 5.0 0.0 0.0 720.0 0.0
1 2.5 2.5 0.0 720.0 10.0
2 2.5 7.5 0.0 720.0 10.0
3 7.5 7.5 0.0 720.0 15.0
4 7.5 2.5 0.0 720.0 10.0
5 5.0 5.0 0.0 720.0 10.0
