NAME: r50_5_9.txt
CUSTOMERS: 50
LOCKERS: 5
RADIUS: 15
CUSTOMER_ST: 5
LOCKER_ST: 10
CUSTOMER_SECTION
1 7.95 6.61 120.0 180.0 1.0
2 9.28 3.18 660.0 720.0 1.0
3 8.98 1.97 180.0 240.0 1.0
4 6.06 2.64 540.0 600.0 1.0
5 8.08 4.05 60.0 120.0 1.0
6 7.11 4.74 0.0 60.0 1.0
7 1.71 5.9 600.0 660.0 1.0
8 4.76 0.71 0.0 60.0 1.0
9 5.38 7.53 60.0 120.0 1.0
10 7.62 0.64 540.0 600.0 1.0
11 7.84 5.0 480.0 540.0 1.0
12 6.86 1.45 360.0 420.0 1.0
13 0.36 9.71 240.0 300.0 1.0
14 1.41 1.16 360.0 420.0 1.0
15 7.2 1.39 540.0 600.0 1.0
16 8.19 2.25 600.0 660.0 1.0
17 8.96 6.19 180.0 240.0 1.0
18 2.56 9.29 180.0 240.0 1.0
19 3.72 2.09 420.0 480.0 1.0
20 1.58 8.51 60.0 120.0 1.0
21 9.09 5.35 0.0 60.0 1.0
22 6.32 7.87 360.0 420.0 1.0
23 7.74 8.02 360.0 420.0 1.0
24 1.63 4.05 0.0 60.0 1.0
25 2.44 6.73 0.0 60.0 1.0
26 3.83 2.75 300.0 360.0 1.0
27 2.12 1.35 300.0 360.0 1.0
28 2.87 2.71 540.0 600.0 1.0
29 0.31 5.55 660.0 720.0 1.0
30 6.18 0.81 360.0 420.0 1.0
31 7.8 7.9 360.0 420.0 1.0
32 1.02 1.95 420.0 480.0 1.0
33 5.3 6.32 660.0 720.0 1.0
34 1.55 8.07 0.0 60.0 1.0
35 7.28 2.82 240.0 300.0 1.0
36 8.12 5.31 60.0 120.0 1.0
37 7.0 4.0 180.0 240.0 1.0
38 8.46 1.93 120.0 180.0 1.0
39 0.01 9.8 540.0 600.0 1.0
40 4.43 8.63 240.0 300.0 1.0
41 4.74 1.04 60.0 120.0 1.0
42 2.13 3.89 0.0 60.0 1.0
43 9.8 9.96 600.0 660.0 1.0
44 9.8 7.48 240.0 300.0 1.0
45 1.87 4.37 60.0 120.0 1.0
46 1.33 9.68 60.0 120.0 1.0
47 7.07 9.36 540.0 600.0 1.0
48 5.52 4.05 360.0 420.0 1.0
49 2.85 6.7 420.0 480.0 1.0
50 6.79 4.18 300.0 360.0 1.0
LOCKER_SECTION
0 5.0 0.0 0.0 720.0 0.0
1 2.5 2.5 0.0 720.0 10.0
2 2.5 7.5 0.0 720.0 10.0
3 7.5 7.5 0.0 720.0 15.0
4 7.5 2.5 0.0 720.0 10.0
5 5.0 5.0 0.0 720.0 10.0
