NAME: r50_5_8.txt
CUSTOMERS: 50
LOCKERS: 5
RADIUS: 15
CUSTOMER_ST: 5
LOCKER_ST: 10
CUSTOMER_SECTION
1 5.05 5.42 240.0 300.0 1.0
2 4.29 2.04 420.0 480.0 1.0
3 3.68 7.08 600.0 660.0 1.0
4 5.18 7.64 180.0 240.0 1.0
5 7.19 1.03 360.0 420.0 1.0
6 1.47 9.88 180.0 240.0 1.0
7 8.65 9.72 360.0 420.0 1.0
8 6.7 5.92 540.0 600.0 1.0
9 4.57 5.52 0.0 60.0 1.0
10 7.82 0.79 180.0 240.0 1.0
11 6.55 8.7 60.0 120.0 1.0
12 3.0 5.1 180.0 240.0 1.0
13 7.1 6.41 480.0 540.0 1.0
14 3.14 5.85 360.0 420.0 1.0
15 1.23 0.69 0.0 60.0 1.0
16 6.39 6.39 420.0 480.0 1.0
17 2.94 4.8 0.0 60.0 1.0
18 6.7 7.81 60.0 120.0 1.0
19 5.65 8.35 600.0 660.0 1.0
20 7.56 3.66 180.0 240.0 1.0
21 7.23 8.05 360.0 420.0 1.0
22 5.53 3.79 420.0 480.0 1.0
23 4.07 9.21 180.0 240.0 1.0
24 5.13 2.97 120.0 180.0 1.0
25 8.18 9.24 600.0 660.0 1.0
26 1.48 9.72 180.0 240.0 1.0
27 6.83 1.38 300.0 360.0 1.0
28 7.19 5.6 300.0 360.0 1.0
29 6.0 2.07 180.0 240.0 1.0
30 0.64 8.75 540.0 600.0 1.0
31 1.19 8.47 540.0 600.0 1.0
32 8.86 9.34 540.0 600.0 1.0
33 2.97 2.24 0.0 60.0 1.0
34 6.63 1.63 600.0 660.0 1.0
35 6.96 9.63 240.0 300.0 1.0
36 8.19 10.0 540.0 600.0 1.0
37 5.01 2.13 60.0 120.0 1.0
38 0.0 1.43 300.0 360.0 1.0
39 3.58 1.19 60.0 120.0 1.0
40 2.01 7.76 660.0 720.0 1.0
41 3.91 1.66 480.0 540.0 1.0
42 5.96 2.98 120.0 180.0 1.0
43 6.34 3.25 540.0 600.0 1.0
44 8.6 1.04 600.0 660.0 1.0
45 3.92 0.33 240.0 300.0 1.0
46 7.96 4.65 300.0 360.0 1.0
47 1.62 4.76 420.0 480.0 1.0
48 6.66 2.37 660.0 720.0 1.0
49 5.41 7.85 420.0 480.0 1.0
50 9.44 0.45 600.0 660.0 1.0
LOCKER_SECTION
0 5.0 0.0 0.0 720.0 0.0
1 2.5 2.5 0.0 720.0 10.0
2 2.5 7.5 0.0 720.0 10.0
3 7.5 7.5 0.0 720.0 15.0
4 7.5 2.5 0.0 720.0 10.0
5 5.0 5.0 0.0 720.0 10.0
