NAME: r50_5_1.txt
CUSTOMERS: 50
LOCKERS: 5
RADIUS: 15
CUSTOMER_ST: 5
LOCKER_ST: 10
CUSTOMER_SECTION
1 7.95 4.41 540.0 600.0 1.0
2 3.52 3.29 420.0 480.0 1.0
3 9.74 6.71 60.0 120.0 1.0
4 3.29 3.52 120.0 180.0 1.0
5 7.01 3.72 540.0 600.0 1.0
6 8.75 7.0 600.0 660.0 1.0
7 5.31 9.95 540.0 600.0 1.0
8 9.95 6.92 420.0 480.0 1.0
9 4.74 2.48 120.0 180.0 1.0
10 7.93 7.53 360.0 420.0 1.0
11 4.78 6.1 180.0 240.0 1.0
12 2.05 4.04 360.0 420.0 1.0
13 4.09 0.3 420.0 480.0 1.0
14 4.77 8.38 300.0 360.0 1.0
15 5.52 1.66 420.0 480.0 1.0
16 7.13 6.61 660.0 720.0 1.0
17 8.14 6.26 300.0 360.0 1.0
18 9.84 6.38 660.0 720.0 1.0
19 0.43 6.54 300.0 360.0 1.0
20 4.59 0.27 600.0 660.0 1.0
21 5.47 1.93 480.0 540.0 1.0
22 9.92 3.37 480.0 540.0 1.0
23 4.79 1.35 120.0 180.0 1.0
24 0.62 1.44 480.0 540.0 1.0
25 9.05 6.91 180.0 240.0 1.0
26 3.69 1.18 180.0 240.0 1.0
27 4.76 5.82 120.0 180.0 1.0
28 7.48 3.55 240.0 300.0 1.0
29 0.52 5.87 0.0 60.0 1.0
30 5.68 7.98 360.0 420.0 1.0
31 3.08 4.13 0.0 60.0 1.0
32 7.46 3.1 300.0 360.0 1.0
33 1.16 2.53 420.0 480.0 1.0
34 2.33 7.05 480.0 540.0 1.0
35 9.71 8.09 480.0 540.0 1.0
36 9.47 4.8 60.0 120.0 1.0
37 4.57 7.13 180.0 240.0 1.0
38 8.18 0.36 360.0 420.0 1.0
39 9.57 5.29 540.0 600.0 1.0
40 6.79 5.37 540.0 600.0 1.0
41 6.5 8.81 420.0 480.0 1.0
42 2.66 5.98 300.0 360.0 1.0
43 1.27 7.33 60.0 120.0 1.0
44 3.68 9.2 420.0 480.0 1.0
45 7.69 3.9 120.0 180.0 1.0
46 4.59 1.08 360.0 420.0 1.0
47 3.59 0.4 360.0 420.0 1.0
48 0.05 2.41 180.0 240.0 1.0
49 2.11 9.79 240.0 300.0 1.0
50 0.1 6.75 360.0 420.0 1.0
LOCKER_SECTION
0 5.0 0.0 0.0 720.0 0.0
1 2.5 2.5 0.0 720.0 10.0
2 2.5 7.5 0.0 720.0 10.0
3 7.5 7.5 0.0 720.0 15.0
4 7.5 2.5 0.0 720.0 10.0
5 5.0 5.0 0.0 720.0 10.0
