NAME: r50_5_6.txt
CUSTOMERS: 50
LOCKERS: 5
RADIUS: 15
CUSTOMER_ST: 5
LOCKER_ST: 10
CUSTOMER_SECTION
1 2.32 0.44 540.0 600.0 1.0
2 6.41 6.54 180.0 240.0 1.0
3 2.28 2.04 120.0 180.0 1.0
4 0.15 2.51 360.0 420.0 1.0
5 8.65 6.0 660.0 720.0 1.0
6 3.91 2.89 240.0 300.0 1.0
7 4.16 6.77 240.0 300.0 1.0
8 8.88 2.28 300.0 360.0 1.0
9 0.4 0.63 600.0 660.0 1.0
10 6.08 1.42 540.0 600.0 1.0
11 9.78 0.77 480.0 540.0 1.0
12 9.79 4.55 540.0 600.0 1.0
13 9.27 4.02 240.0 300.0 1.0
14 5.51 5.81 480.0 540.0 1.0
15 4.55 7.77 240.0 300.0 1.0
16 3.49 3.55 420.0 480.0 1.0
17 5.5 3.55 420.0 480.0 1.0
18 9.74 4.42 480.0 540.0 1.0
19 0.2 1.63 60.0 120.0 1.0
20 7.48 9.81 0.0 60.0 1.0
21 4.42 1.91 360.0 420.0 1.0
22 9.64 0.86 180.0 240.0 1.0
23 1.0 3.97 600.0 660.0 1.0
24 7.86 6.66 360.0 420.0 1.0
25 8.17 5.41 0.0 60.0 1.0
26 5.49 3.06 420.0 480.0 1.0
27 6.31 8.52 60.0 120.0 1.0
28 0.88 0.93 60.0 120.0 1.0
29 6.34 6.72 300.0 360.0 1.0
30 0.16 1.61 420.0 480.0 1.0
31 8.66 2.07 540.0 600.0 1.0
32 0.49 5.57 480.0 540.0 1.0
33 0.91 6.29 480.0 540.0 1.0
34 5.95 9.22 60.0 120.0 1.0
35 0.46 4.6 120.0 180.0 1.0
36 6.13 2.5 420.0 480.0 1.0
37 4.51 6.0 360.0 420.0 1.0
38 7.0 5.46 480.0 540.0 1.0
39 0.36 5.08 360.0 420.0 1.0
40 9.34 2.78 480.0 540.0 1.0
41 7.25 3.34 480.0 540.0 1.0
42 1.92 5.77 240.0 300.0 1.0
43 5.22 2.22 180.0 240.0 1.0
44 8.42 0.19 240.0 300.0 1.0
45 2.12 9.33 600.0 660.0 1.0
46 6.98 5.83 60.0 120.0 1.0
47 7.13 0.77 60.0 120.0 1.0
48 4.46 7.85 60.0 120.0 1.0
49 0.1 2.43 360.0 420.0 1.0
50 9.54 0.74 600.0 660.0 1.0
LOCKER_SECTION
0 5.0 0.0 0.0 720.0 0.0
1 2.5 2.5 0.0 720.0 10.0
2 2.5 7.5 0.0 720.0 10.0
3 7.5 7.5 0.0 720.0 15.0
4 7.5 2.5 0.0 720.0 10.0
5 5.0 5.0 0.0 720.0 10.0
