NAME: r75_5_1.txt
CUSTOMERS: 75
LOCKERS: 5
RADIUS: 15
CUSTOMER_ST: 5
LOCKER_ST: 10
CUSTOMER_SECTION
1 9.77 6.14 540.0 600.0 1.0
2 5.79 3.02 60.0 120.0 1.0
3 6.77 8.42 120.0 180.0 1.0
4 6.59 8.28 660.0 720.0 1.0
5 6.01 6.62 60.0 120.0 1.0
6 1.1 8.93 360.0 420.0 1.0
7 5.21 9.93 180.0 240.0 1.0
8 4.06 6.38 360.0 420.0 1.0
9 9.79 4.85 240.0 300.0 1.0
10 4.55 8.55 240.0 300.0 1.0
11 6.37 0.22 0.0 60.0 1.0
12 2.73 3.66 120.0 180.0 1.0
13 0.69 4.49 480.0 540.0 1.0
14 6.11 7.29 120.0 180.0 1.0
15 8.93 9.89 540.0 600.0 1.0
16 1.88 5.54 600.0 660.0 1.0
17 8.89 8.38 420.0 480.0 1.0
18 5.96 5.67 300.0 360.0 1.0
19 6.1 5.01 660.0 720.0 1.0
20 9.94 7.29 180.0 240.0 1.0
21 5.96 0.12 0.0 60.0 1.0
22 2.46 5.57 120.0 180.0 1.0
23 0.14 1.31 540.0 600.0 1.0
24 2.55 3.69 60.0 120.0 1.0
25 9.79 5.86 300.0 360.0 1.0
26 3.74 5.43 180.0 240.0 1.0
27 5.26 2.45 240.0 300.0 1.0
28 4.11 2.28 660.0 720.0 1.0
29 2.84 9.92 240.0 300.0 1.0
30 6.71 2.16 60.0 120.0 1.0
31 0.81 0.9 540.0 600.0 1.0
32 3.97 6.89 480.0 540.0 1.0
33 3.66 6.6 480.0 540.0 1.0
34 1.57 1.51 180.0 240.0 1.0
35 6.25 0.29 540.0 600.0 1.0
36 0.27 5.69 180.0 240.0 1.0
37 7.59 9.61 600.0 660.0 1.0
38 1.42 1.48 240.0 300.0 1.0
39 9.87 8.18 360.0 420.0 1.0
40 4.54 6.55 180.0 240.0 1.0
41 9.7 3.64 120.0 180.0 1.0
42 8.83 8.1 60.0 120.0 1.0
43 8.82 5.5 600.0 660.0 1.0
44 7.32 5.85 540.0 600.0 1.0
45 1.37 4.3 600.0 660.0 1.0
46 6.0 0.58 600.0 660.0 1.0
47 1.47 1.61 420.0 480.0 1.0
48 3.86 6.44 600.0 660.0 1.0
49 4.56 2.9 120.0 180.0 1.0
50 5.53 8.66 420.0 480.0 1.0
51 1.11 4.68 540.0 600.0 1.0
52 1.98 6.81 240.0 300.0 1.0
53 6.0 2.43 60.0 120.0 1.0
54 0.37 5.92 0.0 60.0 1.0
55 5.83 9.87 360.0 420.0 1.0
56 4.48 1.04 0.0 60.0 1.0
57 4.88 1.32 660.0 720.0 1.0
58 1.54 9.4 240.0 300.0 1.0
59 0.42 2.36 120.0 180.0 1.0
60 1.97 4.96 120.0 180.0 1.0
61 9.37 7.37 600.0 660.0 1.0
62 3.41 6.61 420.0 480.0 1.0
63 5.47 8.8 420.0 480.0 1.0
64 1.71 9.1 300.0 360.0 1.0
65 3.74 5.42 120.0 180.0 1.0
66 2.57 2.1 480.0 540.0 1.0
67 4.12 7.43 60.0 120.0 1.0
68 7.7 9.29 600.0 660.0 1.0
69 4.8 2.39 600.0 660.0 1.0
70 9.26 2.6 60.0 120.0 1.0
71 1.7 0.52 480.0 540.0 1.0
72 8.81 2.51 120.0 180.0 1.0
73 2.69 1.7 600.0 660.0 1.0
74 7.81 7.57 240.0 300.0 1.0
75 1.02 5.19 120.0 180.0 1.0
LOCKER_SECTION
0 5.0 0.0 0.0 720.0 0.0
1 2.5 2.5 0.0 720.0 15.0
2 2.5 7.5 0.0 720.0 15.0
3 7.5 7.5 0.0 720.0 20.0
4 7.5 2.5 0.0 720.0 15.0
5 5.0 5.0 0.0 720.0 15.0
