NAME: r75_5_2.txt
CUSTOMERS: 75
LOCKERS: 5
RADIUS: 15
CUSTOMER_ST: 5
LOCKER_ST: 10
CUSTOMER_SECTION
1 1.9 6.56 0.0 60.0 1.0
2 3.86 3.19 420.0 480.0 1.0
3 5.16 2.11 420.0 480.0 1.0
4 3.99 2.79 600.0 660.0 1.0
5 5.95 7.82 240.0 300.0 1.0
6 7.53 5.29 60.0 120.0 1.0
7 7.53 8.82 180.0 240.0 1.0
8 0.15 9.41 360.0 420.0 1.0
9 0.82 1.24 420.0 480.0 1.0
10 6.86 6.2 60.0 120.0 1.0
11 2.36 9.34 480.0 540.0 1.0
12 8.92 5.94 180.0 240.0 1.0
13 4.87 1.53 540.0 600.0 1.0
14 5.33 6.78 180.0 240.0 1.0
15 1.83 7.08 60.0 120.0 1.0
16 0.87 8.08 420.0 480.0 1.0
17 2.29 8.37 480.0 540.0 1.0
18 9.54 0.24 480.0 540.0 1.0
19 8.72 3.28 0.0 60.0 1.0
20 9.62 2.45 120.0 180.0 1.0
21 9.46 2.3 420.0 480.0 1.0
22 3.7 2.76 0.0 60.0 1.0
23 5.83 5.66 600.0 660.0 1.0
24 9.28 0.94 120.0 180.0 1.0
25 0.24 3.02 0.0 60.0 1.0
26 2.11 4.05 360.0 420.0 1.0
27 8.64 5.34 360.0 420.0 1.0
28 8.99 8.2 660.0 720.0 1.0
29 2.03 8.14 300.0 360.0 1.0
30 2.93 4.07 480.0 540.0 1.0
31 8.17 1.63 420.0 480.0 1.0
32 5.41 8.53 300.0 360.0 1.0
33 3.48 7.1 120.0 180.0 1.0
34 7.83 3.23 240.0 300.0 1.0
35 9.03 8.74 480.0 540.0 1.0
36 5.13 6.44 360.0 420.0 1.0
37 5.45 5.67 480.0 540.0 1.0
38 7.27 9.47 360.0 420.0 1.0
39 7.29 2.0 480.0 540.0 1.0
40 6.35 6.5 360.0 420.0 1.0
41 6.7 0.97 420.0 480.0 1.0
42 1.09 6.79 300.0 360.0 1.0
43 5.33 5.77 300.0 360.0 1.0
44 3.66 2.88 360.0 420.0 1.0
45 8.13 3.33 360.0 420.0 1.0
46 3.19 5.68 60.0 120.0 1.0
47 9.88 2.75 120.0 180.0 1.0
48 1.85 4.46 240.0 300.0 1.0
49 0.61 8.81 360.0 420.0 1.0
50 3.66 0.62 0.0 60.0 1.0
51 5.0 8.68 360.0 420.0 1.0
52 0.5 5.82 360.0 420.0 1.0
53 6.52 5.38 420.0 480.0 1.0
54 2.52 3.25 300.0 360.0 1.0
55 7.5 8.95 60.0 120.0 1.0
56 3.32 8.7 60.0 120.0 1.0
57 8.64 6.83 60.0 120.0 1.0
58 8.16 3.82 0.0 60.0 1.0
59 1.14 9.37 480.0 540.0 1.0
60 5.31 2.72 240.0 300.0 1.0
61 3.25 9.86 180.0 240.0 1.0
62 3.85 1.21 360.0 420.0 1.0
63 0.62 5.83 660.0 720.0 1.0
64 8.14 6.67 300.0 360.0 1.0
65 5.27 2.95 240.0 300.0 1.0
66 1.8 2.46 60.0 120.0 1.0
67 2.31 3.72 360.0 420.0 1.0
68 4.71 3.25 300.0 360.0 1.0
69 3.74 7.34 660.0 720.0 1.0
70 0.0 9.99 180.0 240.0 1.0
71 8.03 0.18 300.0 360.0 1.0
72 5.37 2.83 180.0 240.0 1.0
73 5.74 0.95 240.0 300.0 1.0
74 7.51 8.71 240.0 300.0 1.0
75 8.56 8.02 0.0 60.0 1.0
LOCKER_SECTION
0 5.0 0.0 0.0 720.0 0.0
1 2.5 2.5 0.0 720.0 15.0
2 2.5 7.5 0.0 720.0 15.0
3 7.5 7.5 0.0 720.0 20.0
4 7.5 2.5 0.0 720.0 15.0
5 5.0 5.0 0.0 720.0 15.0
