NAME: r75_5_6.txt
CUSTOMERS: 75
LOCKERS: 5
RADIUS: 15
CUSTOMER_ST: 5
LOCKER_ST: 10
CUSTOMER_SECTION
1 4.21 5.4 180.0 240.0 1.0
2 6.94 5.5 0.0 60.0 1.0
3 5.34 5.31 60.0 120.0 1.0
4 6.29 8.19 480.0 540.0 1.0
5 2.23 5.07 360.0 420.0 1.0
6 6.85 6.68 480.0 540.0 1.0
7 7.47 1.62 240.0 300.0 1.0
8 9.52 1.02 300.0 360.0 1.0
9 1.75 7.22 60.0 120.0 1.0
10 8.28 8.4 600.0 660.0 1.0
11 8.78 8.58 60.0 120.0 1.0
12 3.66 8.33 540.0 600.0 1.0
13 1.44 6.98 660.0 720.0 1.0
14 6.31 6.24 180.0 240.0 1.0
15 2.06 0.58 540.0 600.0 1.0
16 6.23 1.71 420.0 480.0 1.0
17 8.81 6.59 480.0 540.0 1.0
18 1.8 6.65 0.0 60.0 1.0
19 8.61 0.95 60.0 120.0 1.0
20 8.92 9.39 480.0 540.0 1.0
21 2.4 5.4 540.0 600.0 1.0
22 8.08 1.75 300.0 360.0 1.0
23 2.24 3.0 240.0 300.0 1.0
24 1.48 2.67 540.0 600.0 1.0
25 3.89 0.45 420.0 480.0 1.0
26 1.36 8.6 360.0 420.0 1.0
27 7.85 8.27 540.0 600.0 1.0
28 4.32 4.77 300.0 360.0 1.0
29 7.14 5.08 660.0 720.0 1.0
30 1.77 5.18 480.0 540.0 1.0
31 7.91 9.21 300.0 360.0 1.0
32 0.23 6.55 420.0 480.0 1.0
33 9.24 6.81 0.0 60.0 1.0
34 4.39 6.12 120.0 180.0 1.0
35 5.0 0.64 60.0 120.0 1.0
36 1.15 4.8 480.0 540.0 1.0
37 4.21 6.67 0.0 60.0 1.0
38 9.49 4.52 660.0 720.0 1.0
39 2.98 7.64 0.0 60.0 1.0
40 3.92 2.2 300.0 360.0 1.0
41 3.78 1.22 600.0 660.0 1.0
42 5.01 5.89 300.0 360.0 1.0
43 6.01 9.19 60.0 120.0 1.0
44 0.08 9.0 480.0 540.0 1.0
45 5.76 8.2 660.0 720.0 1.0
46 3.34 3.61 360.0 420.0 1.0
47 2.86 9.17 0.0 60.0 1.0
48 2.03 7.34 360.0 420.0 1.0
49 0.18 6.11 660.0 720.0 1.0
50 2.7 9.63 120.0 180.0 1.0
51 7.34 1.33 180.0 240.0 1.0
52 3.53 5.6 540.0 600.0 1.0
53 0.45 0.89 300.0 360.0 1.0
54 0.56 3.17 360.0 420.0 1.0
55 9.0 6.37 0.0 60.0 1.0
56 1.5 3.54 600.0 660.0 1.0
57 4.11 4.63 540.0 600.0 1.0
58 8.67 1.89 60.0 120.0 1.0
59 1.62 5.0 480.0 540.0 1.0
60 4.84 9.5 660.0 720.0 1.0
61 2.29 3.33 180.0 240.0 1.0
62 5.99 1.19 120.0 180.0 1.0
63 8.17 6.27 120.0 180.0 1.0
64 9.45 0.25 540.0 600.0 1.0
65 1.23 4.12 180.0 240.0 1.0
66 5.61 3.61 600.0 660.0 1.0
67 0.78 3.32 180.0 240.0 1.0
68 3.85 1.14 360.0 420.0 1.0
69 9.24 3.5 240.0 300.0 1.0
70 5.89 7.1 360.0 420.0 1.0
71 1.34 9.03 240.0 300.0 1.0
72 0.15 7.36 360.0 420.0 1.0
73 4.39 5.42 120.0 180.0 1.0
74 4.27 6.82 0.0 60.0 1.0
75 7.22 7.77 600.0 660.0 1.0
LOCKER_SECTION
0 5.0 0.0 0.0 720.0 0.0
1 2.5 2.5 0.0 720.0 15.0
2 2.5 7.5 0.0 720.0 15.0
3 7.5 7.5 0.0 720.0 20.0
4 7.5 2.5 0.0 720.0 15.0
5 5.0 5.0 0.0 720.0 15.0
